0111111011111000011001101100100101000100101111110
0111111011011000101110011010101001111100001111110
0111111010101011101111011011011111011001001111110
011111101101011010110111011010001011110101111110
011111101110100111010111000100011011000001111110
011111101010111010111011001010001100000101111110
011111101010101011001110110010100011011101111110
011111100111001001000110010001100011100101111110
011111100110011101100001111011100011101001111110
011111100110010101101101010010011101010001111110
0111111001110100011011100100100111110010101111110
011111101010110010100011110111011001101001111110
